-2.500000000000000000e+00 6.200000000000000000e+01 0.000000000000000000e+00
0.000000000000000000e+00 6.200000000000000000e+01 0.000000000000000000e+00
2.500000000000000000e+00 6.100000000000000000e+01 5.995396695419999844e+01
5.000000000000000000e+00 5.987500000000000000e+01 2.213655039461999934e+02
1.000000000000000000e+01 5.455555555560000158e+01 6.150756666117999885e+02
1.500000000000000000e+01 4.666666666670000296e+01 1.098748370835000060e+03
2.000000000000000000e+01 3.800000000000000000e+01 1.238699505152000029e+03
2.500000000000000000e+01 2.833333333330000059e+01 1.264714059423999970e+03
3.000000000000000000e+01 2.000000000000000000e+01 1.223695650236000120e+03
3.500000000000000000e+01 1.162500000000000000e+01 1.059103557375000037e+03
4.000000000000000000e+01 8.000000000000000000e+00 8.414665006366000171e+02
4.500000000000000000e+01 4.700000000000000178e+00 6.419969837918000621e+02
5.000000000000000000e+01 3.111111111110000049e+00 4.561131251824000401e+02
5.500000000000000000e+01 1.399999999999999911e+00 2.641925798905000420e+02
6.000000000000000000e+01 5.999999999999999778e-01 1.138007612979999976e+02
6.500000000000000000e+01 1.250000000000000000e-01 2.335835336424000275e+01
7.000000000000000000e+01 0.000000000000000000e+00 1.351986625446000012e-01
7.500000000000000000e+01 0.000000000000000000e+00 0.000000000000000000e+00
8.000000000000000000e+01 0.000000000000000000e+00 0.000000000000000000e+00
8.500000000000000000e+01 0.000000000000000000e+00 0.000000000000000000e+00
9.000000000000000000e+01 0.000000000000000000e+00 0.000000000000000000e+00
9.500000000000000000e+01 0.000000000000000000e+00 0.000000000000000000e+00
